,City,Cloudiness,Country,Date,Humidity,Lat,Lng,Max Temp,Wind Speed
0,arraial do cabo,56,BR,1541897123,96,-22.97,-42.02,73.07,19.6
1,egvekinot,48,RU,1541897123,84,66.32,-179.17,17.85,11.1
2,rikitea,12,PF,1541897124,100,-23.12,-134.97,71.27,15.01
3,yellowknife,75,CA,1541894400,78,62.45,-114.38,12.2,8.05
4,bethel,1,US,1541893980,78,60.79,-161.76,30.02,20.8
5,biak,12,ID,1541897126,88,-0.91,122.88,82.79,2.15
6,praia da vitoria,20,PT,1541894400,82,38.73,-27.07,57.2,23.85
7,bluff,0,AU,1541897126,39,-23.58,149.07,83.28,11.99
8,dikson,44,RU,1541897127,95,73.51,80.55,19.11,18.25
9,port alfred,92,ZA,1541897127,97,-33.59,26.89,66.5,7.4
10,kangaatsiaq,64,GL,1541897127,100,68.31,-53.46,17.85,2.71
11,vila franca do campo,40,PT,1541894400,67,37.72,-25.43,62.6,13.87
12,albany,20,US,1541894040,49,42.65,-73.75,35.96,16.11
13,tiksi,68,RU,1541897128,80,71.64,128.87,16.86,11.32
14,isangel,48,VU,1541897128,98,-19.55,169.27,77.21,15.23
15,norman wells,75,CA,1541894400,84,65.28,-126.83,8.6,7.96
16,yaan,44,NG,1541897128,91,7.38,8.57,74.73,8.97
17,cabo san lucas,75,MX,1541893440,78,22.89,-109.91,78.8,10.29
18,svetlaya,0,RU,1541897128,100,46.54,138.33,39.05,13.0
19,leshukonskoye,0,RU,1541897128,86,64.9,45.76,13.04,5.84
20,porto walter,12,BR,1541897129,91,-8.27,-72.74,80.09,2.15
21,hithadhoo,80,MV,1541897129,100,-0.6,73.08,78.83,17.69
22,ushuaia,40,AR,1541894400,66,-54.81,-68.31,46.4,21.92
23,jamestown,48,AU,1541896982,28,-33.21,138.6,75.05,9.75
24,contamana,8,PE,1541897129,52,-7.35,-75.01,87.83,3.6
25,east london,36,ZA,1541897129,100,-33.02,27.91,68.43,9.64
26,bredasdorp,36,ZA,1541894400,88,-34.53,20.04,64.4,10.29
27,cape town,0,ZA,1541894400,68,-33.93,18.42,64.4,11.41
28,north bend,1,US,1541894160,46,43.41,-124.22,55.04,9.17
29,hilo,90,US,1541896200,90,19.71,-155.08,77.0,8.05
30,vaini,44,IN,1541897130,67,15.34,74.49,71.27,1.25
31,acapulco,20,MX,1541893500,74,16.86,-99.88,84.2,8.05
32,baytown,75,US,1541895300,70,29.74,-94.98,50.0,5.82
33,saint george,75,GR,1541893800,93,39.45,22.34,53.6,4.7
34,puerto ayora,0,EC,1541894400,65,-0.74,-90.35,77.0,14.99
35,poum,20,MK,1541897131,83,41.28,20.71,29.96,0.58
36,mataura,64,NZ,1541897131,63,-46.19,168.86,63.98,13.0
37,punta arenas,0,CL,1541894400,75,-53.16,-70.91,46.4,5.82
38,totness,1,US,1541895300,70,33.74,-80.8,51.98,6.93
39,barrow,100,AR,1541897132,85,-38.31,-60.23,60.92,16.02
40,pacific grove,90,US,1541896560,74,36.62,-121.92,62.6,4.72
41,arman,0,RU,1541894400,77,59.7,150.17,-2.21,2.24
42,yulara,12,AU,1541894400,11,-25.24,130.99,80.6,16.11
43,grindavik,0,IS,1541896200,81,63.84,-22.43,46.4,12.75
44,les escoumins,92,CA,1541897133,95,48.35,-69.4,32.43,4.83
45,sunel,0,IN,1541897133,82,24.37,75.96,52.55,2.93
46,butaritari,48,KI,1541897133,100,3.07,172.79,82.34,5.28
47,kapaa,20,US,1541894160,45,22.08,-159.32,82.04,23.04
48,sao filipe,68,CV,1541897134,89,14.9,-24.5,79.86,16.02
49,minggang,0,CN,1541897134,88,32.45,114.03,46.56,5.95
50,mount isa,0,AU,1541896200,26,-20.73,139.49,91.4,9.17
51,kuching,75,MY,1541896200,100,1.56,110.34,77.0,1.48
52,bambous virieux,75,MU,1541894400,83,-20.34,57.76,75.2,6.93
53,bam,12,IR,1541897134,76,29.11,58.36,44.27,3.6
54,belaya gora,0,RU,1541897135,43,68.54,146.19,-27.02,3.04
55,torbay,90,CA,1541894400,100,47.66,-52.73,33.8,23.04
56,holbeach,75,GB,1541895180,100,52.8,0.02,48.2,8.05
57,nanortalik,0,GL,1541897135,96,60.14,-45.24,31.08,10.54
58,hami,0,CN,1541897135,71,42.84,93.51,22.31,2.71
59,dunedin,0,NZ,1541896920,82,-45.87,170.5,58.98,3.94
60,denpasar,75,ID,1541896200,88,-8.65,115.22,82.4,3.36
61,qaanaaq,0,GL,1541897136,100,77.48,-69.36,-6.77,8.97
62,balkhash,92,KZ,1541897136,100,46.84,74.98,19.2,16.24
63,umtata,0,ZA,1541894400,93,-31.59,28.78,59.0,4.7
64,matara,12,PE,1541897136,85,-13.74,-72.9,48.05,1.92
65,sibu,75,MY,1541894400,88,2.29,111.83,78.8,3.38
66,carnarvon,0,ZA,1541897137,18,-30.97,22.13,61.5,10.09
67,jurm,36,AF,1541897137,94,36.86,70.83,20.46,1.81
68,iqaluit,20,CA,1541894400,84,63.75,-68.52,1.4,8.05
69,narsaq,0,GL,1541893800,79,60.91,-46.05,21.2,3.36
70,comodoro rivadavia,20,AR,1541894400,87,-45.87,-67.48,48.2,1.12
71,villa guerrero,12,MX,1541897138,30,21.98,-103.59,71.99,2.15
72,soyo,0,AO,1541897138,98,-6.13,12.37,74.78,4.61
73,chokurdakh,32,RU,1541897138,67,70.62,147.9,-8.84,12.44
74,port-gentil,88,GA,1541896988,98,-0.72,8.78,79.64,9.31
75,victoria,75,BN,1541896200,94,5.28,115.24,82.4,2.24
76,buritis,56,BR,1541897138,97,-15.62,-46.42,67.26,4.94
77,busselton,0,AU,1541897139,100,-33.64,115.35,60.78,13.44
78,hobart,75,AU,1541896200,45,-42.88,147.33,62.6,6.93
79,bhaktapur,20,NP,1541895600,100,27.67,85.43,46.4,3.6
80,yeppoon,0,AU,1541896200,39,-23.13,150.74,82.4,11.41
81,hofn,92,IS,1541897139,97,64.25,-15.21,45.17,19.6
82,bay roberts,90,CA,1541894400,100,47.58,-53.28,33.8,23.04
83,okha,92,RU,1541897139,99,53.59,142.95,38.69,26.75
84,bayan,0,MN,1541897140,49,47.25,107.54,2.1,3.15
85,meulaboh,24,ID,1541897140,100,4.14,96.13,75.45,6.73
86,atuona,12,PF,1541897140,100,-9.8,-139.03,80.27,11.65
87,kodiak,1,US,1541893980,58,39.95,-94.76,32.0,10.29
88,vanderhoof,12,CA,1541897140,80,54.02,-124.02,34.86,2.37
89,trelew,92,AR,1541897141,75,-43.25,-65.31,52.05,10.76
90,goderich,88,CA,1541897141,85,43.74,-81.71,35.36,15.68
91,dukat,8,RS,1541897141,78,42.44,22.31,30.23,2.15
92,port elizabeth,1,US,1541894160,41,39.31,-74.98,39.02,11.41
93,cayenne,20,GF,1541896200,88,4.94,-52.33,77.0,6.73
94,point fortin,20,TT,1541894400,83,10.16,-61.68,80.6,13.11
95,progreso,90,UY,1541894400,93,-34.68,-56.22,66.2,10.29
96,port blair,64,IN,1541897142,100,11.67,92.75,78.51,12.21
97,sawakin,0,SD,1541897142,99,19.1,37.33,73.11,7.63
98,lebu,40,ET,1541894400,87,8.96,38.73,53.6,4.7
99,taoudenni,0,ML,1541897142,36,22.68,-3.98,59.66,6.62
100,tasiilaq,20,GL,1541893800,100,65.61,-37.64,32.0,6.93
101,mastic beach,1,US,1541895300,37,40.77,-72.85,39.92,13.87
102,saldanha,92,PT,1541897143,98,41.42,-6.55,51.38,11.43
103,labytnangi,80,RU,1541897143,85,66.66,66.39,23.25,21.5
104,kahului,90,US,1541894160,82,20.89,-156.47,78.98,23.04
105,salamiyah,24,SY,1541897143,92,35.01,37.05,46.2,3.15
106,mega,8,ET,1541897143,83,4.06,38.32,56.01,2.93
107,novo aripuana,8,BR,1541897144,93,-5.12,-60.38,78.29,2.59
108,jasper,0,US,1541896500,86,33.83,-87.28,37.04,5.5
109,beira,20,ES,1541894400,87,43.2,-8.36,57.2,12.75
110,hermanus,0,ZA,1541897144,92,-34.42,19.24,54.93,7.63
111,bathsheba,75,BB,1541894400,83,13.22,-59.52,80.6,17.22
112,ancud,92,CL,1541897144,100,-41.87,-73.83,55.11,2.15
113,flinders,0,AU,1541894400,46,-34.58,150.85,71.6,8.05
114,sangmelima,56,CM,1541897145,96,2.93,11.98,67.53,1.92
115,souillac,0,FR,1541894400,87,45.6,-0.6,53.6,18.34
116,aykhal,8,RU,1541897145,64,65.95,111.51,-9.2,7.63
117,saskylakh,0,RU,1541897145,57,71.97,114.09,-11.67,16.24
118,kitami,20,JP,1541894400,81,43.8,143.9,48.2,3.36
119,namatanai,0,PG,1541897146,100,-3.66,152.44,83.96,9.75
120,clyde river,90,CA,1541896320,91,70.47,-68.59,-0.41,2.24
121,general roca,40,AR,1541894400,77,-39.03,-67.58,59.0,3.36
122,khatanga,68,RU,1541897146,75,71.98,102.47,-11.54,15.79
123,pocatello,1,US,1541893980,40,42.87,-112.44,37.04,4.7
124,adrar,0,DZ,1541894400,34,27.87,-0.29,64.4,11.41
125,santiago,0,CL,1541894400,59,-33.44,-70.65,64.4,10.29
126,hingoli,0,IN,1541897147,80,19.72,77.14,59.43,4.16
127,hambantota,36,LK,1541897079,100,6.12,81.12,76.98,5.73
128,castro,48,CL,1541897148,97,-42.48,-73.76,53.54,2.04
129,naples,1,US,1541893980,74,26.14,-81.79,80.06,6.93
130,novoagansk,32,RU,1541897148,77,61.94,76.66,-7.22,3.04
131,salalah,40,OM,1541893800,78,17.01,54.1,78.8,3.36
132,qaqortoq,8,GL,1541893800,79,60.72,-46.03,21.2,3.36
133,puerto rico,0,PY,1541897149,68,-26.82,-55.03,75.95,3.6
134,bandarbeyla,80,SO,1541897150,100,9.49,50.81,81.98,7.85
135,bechyne,88,CZ,1541897150,91,49.3,14.47,42.74,3.94
136,kavieng,0,PG,1541897150,99,-2.57,150.8,85.85,6.62
137,saint-augustin,0,FR,1541894400,100,44.83,-0.61,51.8,9.17
138,arlit,0,NE,1541897151,26,18.74,7.39,61.28,3.38
139,kutum,0,SD,1541897151,48,14.2,24.66,49.26,3.49
140,ahipara,20,NZ,1541897151,72,-35.17,173.16,64.38,8.41
141,pevek,36,RU,1541897151,100,69.7,170.27,4.26,1.7
142,berlevag,8,NO,1541897151,100,70.86,29.09,35.36,19.26
143,valparaiso,1,US,1541894160,55,41.47,-87.06,32.0,4.7
144,alice springs,0,AU,1541896200,13,-23.7,133.88,78.8,12.75
145,kaeo,32,NZ,1541897152,52,-35.1,173.78,69.29,4.38
146,majene,44,ID,1541897152,100,-3.54,118.97,78.51,2.59
147,lata,24,IN,1541897152,75,30.78,78.62,33.74,2.37
148,paso de carrasco,90,UY,1541894400,93,-34.86,-56.05,66.2,10.29
149,avarua,40,CK,1541894400,65,-21.21,-159.78,82.4,13.87
150,faanui,32,PF,1541897153,100,-16.48,-151.75,79.95,17.58
151,manjacaze,0,MZ,1541897153,88,-24.71,33.88,58.94,6.85
152,new norfolk,75,AU,1541896200,45,-42.78,147.06,62.6,6.93
153,salta,40,AR,1541894400,69,-24.79,-65.41,78.8,3.36
154,mar del plata,8,AR,1541897144,88,-46.43,-67.52,48.59,10.31
155,padang,56,ID,1541897153,100,-0.92,100.36,79.91,3.94
156,umm lajj,0,SA,1541897154,100,25.02,37.27,65.06,3.6
157,arang,8,IN,1541897154,79,21.2,81.97,57.32,3.38
158,maltahohe,0,NA,1541897154,52,-24.83,16.98,55.65,4.83
159,necochea,92,AR,1541897154,91,-38.55,-58.74,59.61,18.37
160,nikolskoye,90,RU,1541894400,93,59.7,30.79,35.6,11.18
161,itapaci,48,BR,1541897155,93,-14.95,-49.55,70.95,5.39
162,warri,0,NG,1541897155,95,5.52,5.75,74.91,5.17
163,mahebourg,75,MU,1541894400,83,-20.41,57.7,75.2,6.93
164,yermakovskoye,88,RU,1541897155,64,53.28,92.4,12.77,3.94
165,basco,90,US,1541896500,58,40.33,-91.2,30.2,4.7
166,bagdarin,76,RU,1541897156,77,54.44,113.59,8.27,2.37
167,shambu,76,ET,1541897156,97,9.57,37.1,54.71,2.26
168,bykov,20,RU,1541894400,100,47.32,142.56,42.8,6.85
169,arequipa,0,PE,1541894400,69,-16.4,-71.54,59.0,1.12
170,touros,100,BR,1541897156,88,-5.2,-35.46,78.65,15.23
171,sao felix do xingu,32,BR,1541897157,88,-6.64,-51.99,78.47,1.48
172,jalu,0,LY,1541897157,81,29.03,21.55,53.58,3.38
173,kalabo,0,ZM,1541897157,38,-15.0,22.67,74.28,11.1
174,thompson,75,CA,1541894400,85,55.74,-97.86,10.4,3.36
175,princeton,90,US,1541894160,60,41.37,-89.46,31.64,8.05
176,mangai,8,CD,1541897158,98,-4.07,19.59,70.86,1.59
177,deputatskiy,12,RU,1541897158,85,69.3,139.9,4.13,8.75
178,ketchikan,90,US,1541895900,87,55.34,-131.65,46.94,1.7
179,mbanza-ngungu,92,CD,1541897158,97,-5.25,14.87,69.47,2.93
180,malanje,68,AO,1541897158,94,-9.54,16.35,64.7,2.59
181,wladyslawowo,90,PL,1541894400,100,54.79,18.4,44.6,11.41
182,katsuura,0,JP,1541894400,62,33.93,134.5,57.2,4.7
183,coihaique,75,CL,1541894400,93,-45.58,-72.07,51.8,6.93
184,rayong,20,TH,1541896200,78,12.68,101.28,78.8,8.05
185,westport,88,IE,1541896862,100,53.8,-9.52,46.2,10.65
186,haines junction,80,CA,1541897159,96,60.75,-137.51,16.5,2.48
187,provideniya,75,RU,1541894400,100,64.42,-173.23,35.6,6.71
188,kavaratti,32,IN,1541897160,100,10.57,72.64,84.86,4.61
189,pinheiro machado,32,BR,1541897160,66,-31.58,-53.38,76.22,5.61
190,sydney,20,AU,1541896200,53,-33.85,151.22,75.2,11.41
191,srandakan,92,ID,1541897160,100,-7.94,110.25,74.1,2.93
192,halifax,90,CA,1541894400,87,44.65,-63.58,48.2,24.16
193,bilibino,24,RU,1541897160,66,68.06,166.44,-15.09,2.15
194,port hardy,40,CA,1541894400,81,50.7,-127.42,44.6,2.24
195,tuktoyaktuk,90,CA,1541894400,72,69.44,-133.03,14.0,11.41
196,mehamn,8,NO,1541897161,87,71.03,27.85,34.91,17.69
197,belyy yar,40,RU,1541894400,72,53.6,91.39,10.4,8.95
198,ouadda,20,CF,1541897161,85,8.07,22.4,60.51,2.82
199,yar-sale,64,RU,1541897161,87,66.83,70.83,24.83,24.07
200,salima,0,MW,1541897162,88,-13.78,34.45,57.18,4.61
201,shimoda,75,JP,1541894400,55,34.7,138.93,64.4,9.17
202,chuy,24,UY,1541897162,94,-33.69,-53.46,68.88,2.71
203,clarence town,40,AU,1541896200,64,-32.59,151.78,71.6,10.29
204,sitka,0,US,1541897162,36,37.17,-99.65,51.92,19.26
205,auki,0,NG,1541897162,50,12.18,6.51,62.31,3.71
206,lockhart,0,AU,1541894400,31,-35.22,146.72,75.2,5.82
207,nazarovo,20,RU,1541897163,55,56.01,90.42,-19.55,1.59
208,opotiki,24,NZ,1541897163,98,-38.01,177.29,61.55,5.17
209,chacabuco,88,AR,1541897163,99,-34.64,-60.47,69.11,7.74
210,bud,24,NO,1541893800,50,62.91,6.91,53.6,10.29
211,soni,32,TZ,1541897164,90,-4.85,38.37,61.28,1.59
212,launceston,0,AU,1541896200,48,-41.43,147.14,60.8,5.82
213,gravdal,92,NO,1541893800,81,59.79,5.78,48.2,9.17
214,nemuro,20,JP,1541894400,66,43.32,145.57,53.6,2.24
215,mali,0,CN,1541897164,83,27.53,102.2,29.55,0.92
216,santa marinella,0,IT,1541894100,93,42.04,11.87,57.2,3.36
217,xuanwu,90,CN,1541894400,93,32.07,118.81,57.2,2.24
218,scarborough,88,GB,1541893800,93,54.28,-0.41,46.4,3.36
219,ribeira grande,88,PT,1541897165,100,38.52,-28.7,65.91,31.56
220,nantucket,1,US,1541895300,34,41.28,-70.1,41.0,23.04
221,okhotsk,24,RU,1541897165,100,59.36,143.24,3.5,6.17
222,sandur,32,IQ,1541897166,75,36.91,43.06,36.48,3.6
223,bereda,20,ES,1541894400,87,43.27,-7.54,57.2,12.75
224,mitsamiouli,20,KM,1541894400,78,-11.38,43.28,73.4,6.93
225,cairns,75,AU,1541896200,69,-16.92,145.77,82.4,8.05
226,carauari,12,BR,1541897166,88,-4.88,-66.9,81.21,2.48
227,quatre cocos,75,MU,1541894400,83,-20.21,57.76,75.2,6.93
228,daigo,75,JP,1541894400,76,36.78,140.36,59.0,2.24
229,fenoarivo atsinanana,92,MG,1541897167,99,-17.38,49.41,69.15,2.15
230,nosy varika,92,MG,1541897167,100,-20.58,48.53,70.46,2.37
231,sungaipenuh,56,ID,1541897167,90,-2.08,101.38,67.49,1.14
232,estelle,40,US,1541895300,41,32.87,-97.01,50.0,6.93
233,vuktyl,88,RU,1541897168,79,63.86,57.31,11.15,5.06
234,alofi,20,NU,1541894400,83,-19.06,-169.92,80.6,8.05
235,omsukchan,0,RU,1541897168,34,62.53,155.8,-24.41,2.04
236,anori,8,BR,1541897168,93,-3.74,-61.66,79.28,3.6
237,valdemarpils,90,LV,1541895600,100,57.37,22.59,44.6,8.05
238,troitskoye,48,RU,1541897168,100,52.98,84.68,-9.15,1.36
239,hooksett,1,US,1541894160,47,43.1,-71.47,36.14,10.29
240,ondangwa,0,NA,1541894400,28,-17.91,15.98,82.4,6.93
241,sur,8,OM,1541897169,100,22.57,59.53,78.47,5.5
242,cherskiy,0,RU,1541897042,69,68.75,161.3,-9.38,6.73
243,tari,0,NG,1541897169,61,12.41,4.49,65.73,2.71
244,kudahuvadhoo,68,MV,1541897169,100,2.67,72.89,81.26,13.0
245,ilulissat,0,GL,1541893800,55,69.22,-51.1,8.6,1.12
246,san antonio,40,CL,1541894400,93,-33.58,-71.61,59.0,2.24
247,saint-francois,12,FR,1541894400,93,46.42,3.91,50.0,4.7
248,novopokrovka,88,RU,1541897171,79,45.85,134.51,30.14,5.95
249,port lincoln,48,AU,1541897000,70,-34.72,135.86,69.33,14.23
250,sept-iles,90,CA,1541894400,87,50.2,-66.38,32.0,26.4
251,tessalit,0,ML,1541897172,28,20.2,1.01,59.7,5.61
252,khani,0,GE,1541896200,86,41.96,42.96,39.2,2.24
253,kushiro,20,JP,1541894400,66,43.11,144.15,50.0,4.7
254,oriximina,12,BR,1541897172,58,-1.77,-55.87,86.57,4.83
255,veraval,12,FR,1541894400,93,49.65,0.71,51.8,8.05
256,sokolo,0,ML,1541897173,42,14.74,-6.12,67.35,5.28
257,upernavik,0,GL,1541897173,100,72.79,-56.15,18.8,14.34
258,artsyz,0,UA,1541897173,75,46.0,29.43,29.24,3.15
259,itarema,0,BR,1541897173,80,-2.92,-39.92,79.95,15.46
260,kaitangata,0,NZ,1541897173,74,-46.28,169.85,61.82,3.27
261,susanville,1,US,1541894100,22,40.42,-120.65,55.4,6.93
262,copiapo,0,CL,1541897173,84,-27.37,-70.33,60.56,2.48
263,isiro,92,CD,1541897174,98,2.77,27.62,68.21,2.37
264,vao,88,EE,1541897174,97,59.1,26.19,37.61,11.32
265,la ronge,90,CA,1541894400,85,55.1,-105.3,15.8,11.41
266,laguna,20,MX,1541893620,32,27.52,-110.01,82.4,9.17
267,huautla,36,MX,1541897174,99,21.03,-98.29,60.47,2.59
268,young,36,UY,1541897175,81,-32.7,-57.63,74.78,2.71
269,jawhar,0,IN,1541897175,83,19.91,73.23,64.2,2.37
270,georgetown,0,GY,1541894400,94,6.8,-58.16,75.2,6.93
271,ust-omchug,0,RU,1541897175,46,61.13,149.63,-30.26,2.71
272,vila velha,75,BR,1541894400,74,-3.71,-38.6,82.4,14.99
273,plettenberg bay,36,ZA,1541897176,98,-34.05,23.37,62.9,13.78
274,puerto narino,75,CO,1541894400,100,-3.77,-70.38,77.0,4.7
275,marsh harbour,20,BS,1541897176,100,26.54,-77.06,78.74,9.42
276,san patricio,0,PY,1541897176,77,-26.98,-56.83,75.23,2.93
277,constitucion,90,MX,1541893260,22,23.99,-104.67,69.8,12.75
278,garowe,36,SO,1541897177,91,8.41,48.48,71.13,6.4
279,columbia,90,US,1541895300,53,38.95,-92.33,32.36,5.82
280,develi,20,TR,1541893800,69,38.39,35.49,39.2,1.12
281,moranbah,12,AU,1541897177,50,-22.0,148.04,79.86,13.67
282,tura,0,IN,1541897177,91,25.52,90.21,58.71,2.59
283,codrington,80,AU,1541897178,93,-28.95,153.24,65.87,4.38
284,bubaque,0,GW,1541894400,88,11.28,-15.83,78.8,4.7
285,price,1,US,1541893980,25,39.6,-110.81,41.0,3.36
286,nyurba,12,RU,1541897178,80,63.29,118.35,12.18,2.59
287,krasnoye,90,RU,1541894400,100,44.87,39.46,39.2,4.47
288,maningrida,0,AU,1541897179,76,-12.05,134.23,87.78,4.38
289,dwarka,12,IN,1541896200,87,28.58,77.04,59.0,2.71
290,panguna,92,PG,1541897179,100,-6.32,155.48,77.57,2.59
291,kedrovyy,0,RU,1541894400,82,56.17,91.82,-22.01,2.59
292,kamaishi,75,JP,1541894400,93,39.28,141.86,46.4,1.12
293,salvador,20,BR,1541894400,83,-12.98,-38.48,80.6,12.75
294,kurchum,76,KZ,1541897180,100,48.57,83.65,15.06,7.96
295,kununurra,0,AU,1541896200,36,-15.77,128.74,93.2,5.82
296,aksu,40,KZ,1541894400,91,52.04,76.93,-0.41,4.47
297,mackenzie,90,CA,1541894400,92,55.34,-123.09,30.2,2.04
298,picui,0,BR,1541897180,61,-6.51,-36.35,76.26,11.54
299,daru,32,SL,1541897181,95,7.99,-10.85,73.97,4.5
300,caravelas,92,BR,1541897181,100,-17.73,-39.27,76.76,15.9
301,talnakh,56,RU,1541897181,81,69.49,88.39,-18.92,19.71
302,hasaki,40,JP,1541894400,67,35.73,140.83,60.8,2.24
303,ixtapa,75,MX,1541893440,83,20.71,-105.21,82.4,6.93
304,freeport,0,BS,1541894400,78,26.54,-78.7,80.6,9.17
305,luba,0,PH,1541897182,72,17.32,120.7,70.46,3.94
306,nishihara,75,JP,1541896200,48,35.74,139.53,64.4,3.36
307,danielskuil,0,ZA,1541897182,55,-28.19,23.54,52.5,2.37
308,masalli,75,KR,1541894400,93,34.8,126.66,51.8,3.36
309,lorengau,48,PG,1541897183,100,-2.02,147.27,84.5,4.05
310,ryotsu,75,JP,1541894400,48,38.08,138.43,60.8,10.29
311,pisco,0,PE,1541894400,77,-13.71,-76.2,66.2,17.22
312,praia,75,BR,1541894400,77,-20.25,-43.81,66.2,5.82
313,pilar,90,AR,1541894400,94,-34.46,-58.91,69.8,11.41
314,ponta do sol,92,BR,1541897184,99,-20.63,-46.0,62.81,4.16
315,karachi,0,PK,1541895900,88,24.87,67.03,71.6,5.39
316,bafoulabe,0,ML,1541897184,36,13.81,-10.83,74.78,8.97
317,coquimbo,75,CL,1541894400,87,-29.95,-71.34,59.0,8.05
318,porbandar,0,IN,1541897184,83,21.64,69.61,73.43,5.61
319,begoro,12,GH,1541897184,98,6.38,-0.38,72.71,3.71
320,kruisfontein,24,ZA,1541897185,95,-34.0,24.73,62.85,8.41
321,frontignan,75,FR,1541894400,88,43.45,3.75,62.6,16.11
322,sao jose da coroa grande,92,BR,1541897185,84,-8.9,-35.15,77.88,8.52
323,kenai,90,US,1541894160,74,60.55,-151.26,32.0,23.04
324,cabra,8,ES,1541894400,82,37.47,-4.43,60.8,5.82
325,santiago de cao,75,PE,1541894400,82,-7.96,-79.24,68.0,6.93
326,lavrentiya,32,RU,1541897186,100,65.58,-170.99,35.0,21.16
327,espanola,0,CA,1541897186,81,46.27,-81.77,22.67,7.74
328,tutoia,0,BR,1541897186,70,-2.76,-42.27,83.15,18.59
329,angoche,76,MZ,1541897186,100,-16.23,39.91,77.75,17.36
330,mutoko,0,ZW,1541897186,72,-17.4,32.23,53.18,2.82
331,abu dhabi,0,AE,1541894400,61,24.47,54.37,78.8,3.36
332,batemans bay,0,AU,1541897187,71,-35.71,150.18,68.16,2.93
333,marysville,90,CA,1541895300,100,42.91,-82.49,34.88,3.36
334,zhigansk,80,RU,1541897187,74,66.77,123.37,14.39,11.32
335,laytown,75,IE,1541894400,87,53.68,-6.24,44.6,3.36
336,huntingdon,75,GB,1541895600,100,52.33,-0.18,48.2,5.82
337,puli,20,TW,1541896200,69,23.97,120.97,75.2,1.14
338,kathmandu,20,NP,1541895600,100,27.71,85.32,46.4,3.6
339,nerang,40,AU,1541896200,44,-27.99,153.34,77.0,12.75
340,springdale,5,US,1541894280,32,36.19,-94.13,41.0,10.29
341,conceicao do mato dentro,100,BR,1541897188,99,-19.04,-43.42,63.98,3.27
342,neuquen,40,AR,1541894400,77,-38.95,-68.06,59.0,3.36
343,otacilio costa,36,BR,1541897189,93,-27.48,-50.12,63.71,8.63
344,klaksvik,36,FO,1541893800,87,62.23,-6.59,46.4,12.75
345,ambulu,68,ID,1541897189,100,-8.35,113.61,76.13,3.38
346,makakilo city,20,US,1541894220,54,21.35,-158.09,80.06,13.87
347,tarrega,0,ES,1541894400,93,41.65,1.14,51.8,2.24
348,longyearbyen,75,NO,1541893800,97,78.22,15.63,39.2,27.51
349,cotonou,20,BJ,1541894400,83,6.37,2.43,82.4,5.82
350,carnot,12,CF,1541897190,78,4.94,15.87,71.85,2.93
351,cidreira,8,BR,1541897190,78,-30.17,-50.22,74.06,12.21
352,severo-kurilsk,92,RU,1541897190,96,50.68,156.12,40.8,22.06
353,nova granada,20,BR,1541894400,83,-20.53,-49.32,73.4,4.7
354,saint-philippe,75,CA,1541895840,87,45.36,-73.48,32.0,27.51
355,san policarpo,68,PH,1541897191,100,12.18,125.51,78.74,11.21
356,gdynia,90,PL,1541894400,100,54.52,18.54,44.6,11.41
357,tigil,0,RU,1541897191,69,57.8,158.67,10.11,3.15
358,nabire,88,ID,1541897191,95,-3.36,135.5,73.25,1.59
359,livingston,1,US,1541894280,75,32.58,-88.19,42.08,4.7
360,lethem,0,GY,1541897192,45,3.38,-59.8,89.81,10.76
361,lobva,0,RU,1541897192,80,59.19,60.52,4.67,5.17
362,hobyo,76,SO,1541897192,90,5.35,48.53,78.47,5.73
363,atambua,0,ID,1541897192,84,-9.11,124.89,86.3,4.16
364,esperance,20,TT,1541894400,83,10.24,-61.45,80.6,5.61
365,seshcha,80,RU,1541897193,97,53.73,33.34,31.67,9.86
366,kozhevnikovo,36,RU,1541897193,100,56.26,83.98,-11.85,5.28
367,saint-louis,64,CH,1541895600,93,47.59,7.56,51.8,6.93
368,beidao,8,CN,1541897193,81,34.57,105.89,24.96,1.03
369,pangody,88,RU,1541897193,84,65.85,74.49,11.33,13.78
370,omaruru,0,NA,1541897195,64,-21.42,15.95,58.26,2.93
371,pangnirtung,76,CA,1541897195,94,66.15,-65.72,18.35,5.5
372,kathu,0,ZA,1541897195,40,-27.7,23.05,55.07,4.72
373,richards bay,0,ZA,1541897197,77,-28.77,32.06,65.33,8.41
374,broken hill,0,AU,1541897197,38,-31.97,141.45,78.56,8.19
375,charagua,0,BO,1541897197,63,-19.79,-63.2,81.98,18.48
376,bressanone,40,IT,1541894100,86,46.72,11.66,44.6,12.75
377,tottori,20,JP,1541894400,76,35.5,134.23,55.4,10.29
378,lima,76,PE,1541897197,55,-12.06,-77.04,63.66,2.82
379,rajanpur,12,PK,1541897198,84,29.1,70.33,63.44,6.73
380,hailar,0,CN,1541897198,52,49.2,119.7,3.36,2.82
381,porto novo,0,BR,1541894400,94,-23.68,-45.44,68.0,4.7
382,port-cartier,90,CA,1541894400,100,50.03,-66.88,32.0,26.4
383,aksha,36,RU,1541897198,69,50.28,113.29,-0.02,2.37
384,sobolevo,88,RU,1541897198,95,54.43,31.9,31.58,10.42
385,velikodvorskiy,0,RU,1541897199,65,55.25,40.67,21.0,14.9
386,ixhuatlancillo,56,MX,1541897199,85,18.89,-97.15,58.53,2.26
387,cabedelo,20,BR,1541894400,78,-6.97,-34.84,77.0,9.17
388,guamuchil,24,MX,1541897199,43,25.47,-108.1,84.81,4.61
389,harduaganj,8,IN,1541897199,87,27.95,78.17,56.15,2.71
390,lagoa,75,PT,1541894400,93,37.14,-8.45,64.4,9.17
391,zyryanka,0,RU,1541897200,68,65.73,150.89,-14.96,7.18
392,olinda,75,EC,1541894400,69,-2.03,-79.75,78.8,18.34
393,ostrovnoy,8,RU,1541897200,87,68.05,39.51,23.48,21.05
394,portland,20,US,1541893980,63,45.52,-122.67,53.06,8.05
395,gombong,88,ID,1541897200,96,-7.19,109.31,74.24,2.93
396,mao,20,DO,1541894400,83,19.55,-71.08,78.8,4.7
397,nikolsk,0,RU,1541897201,85,59.53,45.45,12.9,5.39
398,tokur,92,RU,1541897201,81,53.13,132.9,28.07,3.38
399,kavadarci,0,MK,1541894400,93,41.43,22.01,37.4,1.92
400,seoul,48,KR,1541896200,76,37.57,126.98,50.0,5.82
401,osypenko,90,UA,1541894400,86,48.04,34.39,30.2,8.95
402,shache,8,CN,1541897201,82,38.42,77.24,24.6,3.6
403,barra do garcas,68,BR,1541897202,96,-15.89,-52.26,71.99,3.04
404,vaitape,80,PF,1541897202,100,-16.52,-151.75,77.7,18.81
405,caicedo,40,CO,1541894400,100,6.41,-75.98,60.8,3.36
406,vardo,1,US,1541895300,47,39.62,-77.74,35.6,12.75
407,maniitsoq,0,GL,1541897202,100,65.42,-52.9,15.56,9.19
408,marshall,1,US,1541896500,78,39.39,-87.69,28.94,5.82
409,angren,80,UZ,1541897203,80,41.01,70.08,29.01,1.92
410,polovinnoye,68,RU,1541897203,83,54.79,65.99,7.95,11.21
411,sabang,92,PH,1541897203,96,13.72,123.58,79.82,13.22
412,barstow,1,US,1541895300,61,31.46,-103.39,55.4,5.82
413,togur,48,RU,1541897203,93,58.36,82.83,-7.31,6.96
414,tuatapere,12,NZ,1541897203,80,-46.13,167.69,57.63,12.66
415,ikirun,20,NG,1541897204,91,7.92,4.67,70.05,5.28
416,gizo,20,IL,1541893800,68,31.8,34.94,64.4,4.7
417,altoona,90,US,1541895600,68,40.52,-78.39,30.2,12.75
418,saint-pierre,0,FR,1541894400,93,48.95,4.24,51.8,17.22
419,buala,92,SB,1541897204,100,-8.15,159.59,77.3,8.86
420,pontian kecil,75,MY,1541896200,83,1.48,103.39,82.4,2.24
421,krasnoarmeysk,90,RU,1541894400,86,56.12,38.15,28.4,15.66
422,ezhou,56,CN,1541897205,100,30.41,114.88,56.42,8.97
423,vikhorevka,68,RU,1541894400,77,56.12,101.17,3.2,4.47
424,ola,0,RU,1541894400,77,59.58,151.3,-2.21,2.24
425,stolin,32,BY,1541897205,94,51.89,26.85,38.1,9.19
426,marzuq,0,YE,1541897205,87,14.4,46.47,44.99,2.37
427,fairbanks,90,US,1541894460,91,64.84,-147.72,24.08,9.17
428,itacare,20,BR,1541894400,78,-14.28,-39.0,80.6,4.7
429,rocha,24,UY,1541896926,78,-34.48,-54.34,71.4,8.41
430,barranca,32,PE,1541897206,100,-10.75,-77.76,64.7,9.75
431,husavik,76,CA,1541897206,93,50.56,-96.99,18.21,11.21
432,troitsko-pechorsk,64,RU,1541897206,77,62.71,56.19,7.68,4.94
433,caloundra,20,AU,1541896200,53,-26.8,153.14,77.0,9.17
434,havoysund,0,NO,1541893800,97,71.0,24.66,39.2,14.99
435,paamiut,8,GL,1541897207,96,61.99,-49.67,35.18,16.46
436,nome,90,US,1541895300,79,30.04,-94.42,50.0,5.82
437,ankazoabo,68,MG,1541897207,67,-22.29,44.51,71.13,8.97
438,igrim,48,RU,1541897207,77,63.19,64.42,18.62,9.53
439,xining,0,CN,1541896972,53,36.62,101.77,3.68,2.59
440,hvide sande,92,DK,1541894820,93,56.01,8.13,51.8,9.17
441,chicama,75,PE,1541894400,82,-7.84,-79.15,68.0,6.93
442,airai,0,TL,1541897208,62,-8.93,125.41,81.93,2.15
443,lagos,20,NG,1541894400,88,6.46,3.39,80.6,2.24
444,nhulunbuy,90,AU,1541896200,62,-12.18,136.78,87.8,10.29
445,nouadhibou,0,MR,1541894400,77,20.93,-17.03,66.2,16.11
446,kuytun,80,RU,1541897208,77,54.34,101.51,10.38,4.38
447,vallenar,0,CL,1541897143,68,-28.58,-70.76,56.55,2.37
448,tazovskiy,88,RU,1541897209,59,67.47,78.7,-6.41,19.82
449,san cristobal,75,EC,1541894400,72,-0.39,-78.55,59.0,10.29
450,placido de castro,8,BR,1541897209,78,-10.34,-67.19,80.54,3.15
451,banda aceh,68,ID,1541897209,100,5.56,95.32,75.14,2.82
452,ouesso,12,CG,1541897209,100,1.61,16.05,70.55,0.47
453,ossora,0,RU,1541897209,100,59.24,163.07,19.61,14.0
454,talalayivka,48,UA,1541897210,92,50.96,31.92,27.03,9.42
455,dong hoi,100,VN,1541897210,100,17.48,106.6,78.11,7.96
456,vulcan,32,CA,1541897210,82,50.4,-113.26,27.08,4.94
457,narasapur,0,IN,1541897210,100,16.45,81.67,81.71,7.07
458,calvinia,0,ZA,1541897210,38,-31.47,19.78,55.11,2.26
459,prince rupert,1,CA,1541894400,87,54.32,-130.32,46.4,1.92
460,bogorodskoye,92,RU,1541897211,96,52.37,140.44,39.86,6.29
461,harper,90,US,1541895300,53,30.3,-99.24,50.54,4.7
462,kaniama,56,CD,1541897211,99,-7.57,24.18,64.88,2.37
463,mossendjo,80,CG,1541897211,99,-2.95,12.72,71.0,2.48
464,cankuzo,48,BI,1541897211,92,-3.22,30.55,57.32,2.71
465,sola,90,FI,1541895600,100,62.78,29.36,32.0,12.75
466,amarillo,1,US,1541895300,47,35.21,-101.83,53.96,18.34
467,mariental,92,DE,1541897212,71,52.28,10.99,53.4,9.98
468,bonthe,24,SL,1541897212,90,7.53,-12.5,79.73,4.94
469,vila do maio,20,CV,1541894400,57,15.13,-23.22,80.6,14.99
470,santa marta,40,CO,1541894400,74,11.24,-74.21,84.2,11.41
471,marrakesh,0,MA,1541894400,76,31.63,-7.99,55.4,5.82
472,tilichiki,0,RU,1541897213,85,60.47,166.1,9.3,7.07
473,ust-ordynskiy,90,RU,1541894400,92,52.8,104.75,19.4,8.95
474,tonekabon,40,IR,1541894400,87,36.82,50.88,57.2,1.59
475,lazaro cardenas,20,MX,1541893200,51,28.39,-105.62,62.6,10.29
476,samfya,0,ZM,1541897214,60,-11.37,29.56,67.22,11.21
477,cassilandia,36,BR,1541897214,93,-19.11,-51.73,73.56,4.5
478,farafangana,92,MG,1541897214,100,-22.82,47.83,71.54,7.4
479,erzin,75,TR,1541893800,93,36.95,36.2,59.0,3.36
480,havelock,1,US,1541894280,54,34.88,-76.9,51.98,13.87
481,teknaf,8,BD,1541897215,98,20.86,92.31,64.79,2.82
482,labuhan,92,ID,1541897215,99,-2.54,115.51,72.35,2.37
483,nushki,48,PK,1541897215,93,29.55,66.02,49.35,2.26
484,fonte boa,20,BR,1541897215,89,-2.51,-66.09,81.26,3.94
485,san jeronimo,12,PE,1541897215,85,-13.65,-73.37,48.05,1.92
486,ambilobe,0,MG,1541897216,92,-13.19,49.05,68.25,2.59
487,revelstoke,90,CA,1541894700,100,50.99,-118.19,35.6,2.24
488,salisbury,88,GB,1541894160,93,51.07,-1.8,48.2,5.82
489,parintins,0,BR,1541897216,54,-2.63,-56.73,84.9,5.06
490,conakry,12,GN,1541897216,100,9.52,-13.7,83.96,5.61
491,te anau,20,NZ,1541897216,70,-45.41,167.72,53.63,9.98
492,campbellsville,1,US,1541895300,65,37.34,-85.34,28.76,3.6
493,kurayoshi,20,JP,1541894400,76,35.43,133.83,55.4,10.29
494,south lake tahoe,1,US,1541895300,17,38.93,-119.98,55.94,12.75
495,diofior,48,SN,1541894400,57,14.19,-16.66,80.6,2.82
496,sorata,68,BO,1541897217,97,-15.77,-68.65,56.96,2.15
497,batagay-alyta,0,RU,1541897217,59,67.8,130.41,-13.79,3.83
498,baoro,0,CF,1541897218,70,5.69,15.95,70.95,4.16
499,mandalgovi,0,MN,1541897218,75,45.76,106.27,10.34,2.93
500,mount gambier,0,AU,1541897168,82,-37.83,140.78,64.11,3.49
501,ginir,0,ET,1541897218,83,7.14,40.71,53.9,3.6
502,le port,56,FR,1541897218,100,42.87,1.37,40.26,1.7
503,buraydah,0,SA,1541894400,100,26.33,43.97,62.6,4.7
504,charters towers,88,AU,1541897219,75,-20.07,146.27,72.98,10.76
505,sijunjung,64,ID,1541897219,96,-0.69,100.95,70.46,3.15
506,mufulira,0,ZM,1541897219,52,-12.55,28.24,65.01,10.2
507,blacksburg,1,US,1541895300,54,37.23,-80.41,33.98,4.72
508,monterey,90,US,1541896560,74,36.6,-121.89,62.6,4.72
509,thinadhoo,92,MV,1541897220,99,0.53,72.93,83.78,18.48
510,karratha,0,AU,1541897056,49,-20.74,116.85,77.93,9.19
511,rio grande,20,BR,1541894400,78,-32.03,-52.1,77.0,9.17
512,saint-leu,0,RE,1541894400,73,-21.15,55.28,75.2,5.82
513,puro,64,PH,1541897221,85,13.13,123.76,81.21,12.21
514,santana do livramento,20,BR,1541897221,57,-30.89,-55.53,78.11,8.52
515,kirakira,88,SB,1541897221,100,-10.46,161.92,80.99,16.8
516,edson,75,CA,1541894400,69,53.59,-116.44,35.6,6.93
517,grand gaube,75,MU,1541894400,83,-20.01,57.66,75.2,6.93
518,lahat,92,ID,1541897221,99,-3.78,103.55,73.07,3.94
519,rincon,1,US,1541896500,96,32.3,-81.24,55.4,8.75
520,araouane,24,ML,1541897222,32,18.9,-3.53,64.2,4.61
521,mehran,0,IR,1541894400,93,33.12,46.17,44.6,2.24
522,dolni bousov,90,CZ,1541894400,81,50.44,15.13,48.2,4.7
523,oranjemund,80,ZA,1541897222,97,-28.55,16.43,58.13,2.15
524,opuwo,76,NA,1541897222,19,-18.06,13.84,67.98,7.4
525,strezhevoy,0,RU,1541894400,83,60.73,77.6,-5.81,4.47
526,gazanjyk,0,TM,1541897223,77,39.24,55.52,32.39,2.59
527,unity,36,CA,1541897223,88,52.44,-109.15,21.68,11.88
528,waipawa,68,NZ,1541897223,70,-39.94,176.59,58.53,9.64
529,taua,40,SL,1541894400,83,8.79,-12.72,80.6,2.24
530,rawson,92,AR,1541897224,75,-43.3,-65.11,52.05,10.76
531,yumen,44,CN,1541897224,55,40.29,97.04,22.98,2.82
532,misratah,64,LY,1541897224,97,32.38,15.09,67.22,12.1
533,luderitz,36,NA,1541894400,93,-26.65,15.16,57.2,4.7
534,sinop,64,TR,1541897167,100,42.03,35.15,60.38,8.75
535,galveston,1,US,1541896500,92,40.58,-86.19,26.96,4.7
536,fortuna,0,ES,1541894400,71,38.18,-1.13,57.2,2.24
537,west bay,24,GB,1541893800,93,50.71,-2.76,44.6,3.36
538,coahuayana,20,MX,1541897225,87,18.62,-100.35,68.7,2.37
539,puerto lleras,75,CO,1541894400,88,8.16,-72.46,77.0,2.24
540,chemainus,40,CA,1541895300,66,48.92,-123.72,48.2,5.82
541,piacabucu,92,BR,1541897226,79,-10.41,-36.43,77.48,11.1
542,san jose,12,PH,1541896961,74,15.79,120.99,76.94,4.72
543,hervey bay,12,AU,1541897226,90,-25.3,152.85,75.36,13.0
544,broome,92,GB,1541896740,93,52.47,1.45,48.2,9.17
545,vrangel,8,RU,1541897227,100,42.73,133.08,41.61,16.8
546,moratuwa,8,LK,1541895000,88,6.77,79.88,73.4,3.36
547,hulan ergi,36,CN,1541897229,76,47.2,123.63,22.35,6.96
548,umm kaddadah,0,SD,1541897229,32,13.6,26.69,56.6,8.08
549,dombarovskiy,20,RU,1541897230,77,50.76,59.54,7.28,7.18
550,methoni,0,GR,1541893800,81,36.82,21.7,51.8,3.36
551,tromso,0,NO,1541893800,96,69.65,18.96,42.8,36.91
552,saint-joseph,90,FR,1541894400,93,43.56,6.97,57.2,3.36
553,martinsicuro,0,IT,1541893800,100,42.89,13.92,46.4,4.7
554,arandis,0,NA,1541897233,91,-22.42,14.98,63.03,2.15
555,kongsberg,90,NO,1541893800,100,59.67,9.65,46.4,11.41
556,whitecourt,75,CA,1541894400,70,54.14,-115.68,32.0,8.05
557,nara,0,JP,1541894400,67,34.68,135.8,60.8,1.12
558,ayan,0,TR,1541897235,73,40.67,33.6,26.27,1.59
559,tezu,0,IN,1541897235,53,27.93,96.16,54.17,2.04
560,mujiayingzi,0,CN,1541897236,75,42.12,118.78,24.02,3.83
561,tual,64,ID,1541897236,100,-5.67,132.75,85.04,5.17
562,yerbogachen,20,RU,1541897236,66,61.28,108.01,-0.87,2.71
